########## CH130.TSP ##########

java Main ../AI_cup_2016_problems/ch130.tsp 1478942982925

102 6 91 72 49 58 53 120 60 51 42 44 93 20 46 80 118 2 50 130 71 39 41 1 127 107 104 43 110 89 94 77 103 81 87 12 79 95 116 24 29 15 100 19 27 34 31 17 54 35 4 106 38 92 73 99 74 75 52 65 56 9 57 82 101 123 111 119 84 36 32 113 98 25 48 68 63 70 97 7 26 88 86 69 64 124 129 61 109 76 11 5 45 16 128 105 62 28 115 112 117 83 30 59 90 125 85 66 78 121 126 114 3 108 8 18 21 33 22 37 47 40 23 13 67 96 14 10 122 55

########## D198.TSP ##########

java Main ../AI_cup_2016_problems/d198.tsp 1478942982925

1 2 7 6 3 4 5 8 9 10 11 12 13 41 43 42 57 58 69 71 85 86 100 99 87 84 73 72 68 59 56 44 55 60 67 70 74 66 61 54 45 38 31 32 37 36 46 53 62 75 82 83 88 98 97 89 90 96 95 101 94 93 102 103 104 115 122 121 116 117 118 119 120 123 139 154 155 156 157 158 159 138 124 169 125 126 131 130 133 132 134 140 142 147 148 153 160 161 162 152 149 146 143 141 135 136 129 127 170 128 137 144 145 150 151 163 164 165 166 172 171 190 189 188 191 187 192 193 186 196 197 198 195 194 179 185 184 180 178 175 174 173 176 177 181 183 182 168 167 108 109 110 111 107 106 112 113 114 105 92 91 80 79 63 49 48 50 64 78 77 76 81 65 52 51 47 39 35 34 33 30 28 29 23 22 27 26 25 24 21 20 19 18 17 16 15 14 40 

########## EIL76.TSP ##########

java Main ../AI_cup_2016_problems/eil76.tsp 1478942949316

16 3 44 32 9 39 72 58 10 31 55 25 50 18 24 49 23 56 41 43 42 64 22 61 21 47 36 69 71 60 70 20 37 5 15 57 13 54 19 14 59 66 65 38 11 53 7 35 8 46 34 52 27 45 29 48 30 4 75 76 67 26 12 40 17 51 6 68 2 74 28 62 1 73 33 63 

########## FL1577.TSP ##########

java Main ../AI_cup_2016_problems/fl1577.tsp 1478844073280

91 105 104 103 102 125 124 123 122 121 120 119 126 118 127 117 128 116 129 130 131 132 133 134 99 94 93 100 101 92 82 83 84 85 70 71 72 73 81 74 55 54 53 22 23 24 25 26 47 59 60 52 48 51 61 62 49 36 50 35 12 13 14 15 1 2 3 4 5 6 7 11 37 46 38 45 39 44 40 43 41 42 77 76 78 75 79 80 95 115 106 114 107 113 108 112 109 111 110 98 97 96 58 57 56 21 20 19 18 17 16 8 9 10 1365 1366 1316 1275 1229 1276 1228 1227 1226 1315 1367 1368 1314 1277 1225 1278 1313 1369 1224 1279 1370 1371 1280 1223 1222 1281 1221 1312 1372 1373 1311 1220 1374 1375 1282 1310 1283 1309 1376 1377 1378 1308 1219 1218 1379 1380 1307 1284 1217 1285 1216 1286 1215 1287 1214 1288 1213 1289 1212 1290 1211 1291 1210 1292 1209 1293 1208 1294 1207 1295 1206 1296 1391 1297 1390 1298 1389 1299 1388 1300 1387 1301 1386 1302 1385 1303 1384 1304 1383 1305 1382 1306 1381 135 143 144 145 146 147 148 150 149 162 161 160 159 158 429 428 427 426 425 424 423 422 421 420 419 418 417 416 415 414 413 412 411 410 409 408 407 406 405 404 403 402 401 400 399 398 397 396 395 394 393 392 391 390 389 388 387 386 385 448 447 446 445 444 443 442 449 450 451 452 453 454 455 456 457 458 459 460 461 462 463 464 465 466 467 468 469 470 471 472 441 473 440 474 439 475 438 476 437 477 436 478 435 479 434 480 433 481 432 482 431 483 430 484 485 486 487 488 489 506 505 504 490 503 491 492 493 494 495 496 497 498 499 500 501 502 793 794 795 796 797 798 928 927 926 925 924 923 792 791 922 921 790 789 920 919 788 787 918 917 786 785 916 915 784 783 914 913 782 781 912 911 780 779 910 909 778 777 908 907 776 775 906 905 774 773 904 903 772 902 771 770 901 900 769 768 899 898 767 766 897 896 765 764 895 894 763 762 893 892 891 761 760 759 890 889 758 757 888 887 756 755 886 799 885 754 800 753 884 801 883 752 802 751 882 803 881 804 750 749 880 805 879 748 806 878 747 807 746 877 808 876 809 810 811 812 813 814 815 816 817 818 819 820 821 822 823 824 825 826 827 828 829 830 831 832 833 834 835 836 837 838 839 840 841 842 843 844 845 846 847 848 849 850 851 852 853 854 855 856 857 858 859 860 861 862 863 864 865 866 867 868 869 870 871 872 873 874 875 1048 1047 1046 1045 1044 1043 1042 1041 1040 1039 1038 1037 1036 1035 1034 1033 1032 1031 1030 1029 1028 1027 1026 1025 1024 1023 1022 1021 1020 1019 960 959 961 958 962 957 963 956 955 964 993 965 992 966 991 967 990 968 954 953 969 952 970 951 950 971 989 972 988 996 1009 1088 1087 1072 1062 1010 995 994 1064 1063 1071 1081 1070 1082 1083 1011 1049 1012 1013 1014 1015 1016 1017 1018 1065 1066 1067 1068 1069 1084 1085 1086 1092 1093 1094 1095 1096 1097 1137 1138 1139 1202 1203 1204 1205 1136 1135 1134 1133 1132 1131 1130 1129 1128 1127 1126 1125 1124 1123 1122 1121 1120 1119 1118 1117 1116 1115 1114 1113 1112 1111 1110 1109 1108 1107 1106 1105 1104 1103 1549 1506 1548 1464 1416 1465 1417 1418 1419 1507 1550 1551 1508 1466 1420 1467 1509 1552 1421 1468 1553 1554 1469 1422 1423 1470 1424 1510 1555 1556 1511 1425 1557 1558 1512 1471 1472 1559 1513 1560 1561 1514 1426 1427 1562 1547 1505 1463 1415 1462 1414 1461 1413 1460 1503 1545 1504 1546 1544 1502 1543 1501 1459 1412 1411 1458 1410 1457 1409 1456 1408 1407 1454 1406 1453 1405 1404 1452 1494 1536 1495 1537 1496 1538 1497 1455 1539 1498 1540 1499 1541 1500 1542 1563 1564 1515 1473 1428 1474 1429 1430 1431 1516 1565 1566 1517 1475 1518 1567 1476 1432 1433 1477 1568 1569 1478 1434 1435 1479 1436 1519 1570 1571 1520 1437 1572 1573 1480 1521 1481 1574 1522 1575 1523 1438 1439 1576 1577 1535 1534 1493 1451 1403 1450 1402 1449 1492 1533 1491 1532 1490 1531 1489 1530 1488 1529 1487 1528 1486 1527 1485 1526 1484 1525 1483 1524 1482 1440 1392 1393 1441 1394 1442 1395 1443 1396 1444 1397 1445 1398 1446 1399 1447 1400 1448 1401 1201 1200 1199 1198 1197 1196 1195 1194 1193 1192 1191 1190 1189 1188 1187 1186 1185 1184 1183 1182 1181 1180 1179 1178 1177 1176 1175 1174 1173 1172 1171 1170 1169 1168 1167 1166 1165 1164 1163 1162 1161 1160 1159 1158 1157 1156 1155 1154 1153 1152 1151 1150 1149 1148 1147 1146 1145 1144 1143 1142 1141 1140 1099 1100 1098 1101 1102 1089 1090 1077 1055 1054 1002 984 1003 1006 1056 1057 1005 982 981 1004 1058 1059 1060 937 938 939 940 980 941 979 942 983 978 943 977 985 1001 1000 1053 1061 1078 1079 1080 1076 1052 999 998 1051 1050 1075 1091 1074 1073 1007 1008 997 987 973 949 974 948 986 975 947 976 946 945 944 936 935 929 934 930 931 932 933 557 558 559 560 561 562 563 564 565 566 556 555 554 553 552 551 550 549 548 547 546 545 544 543 542 541 540 539 538 537 536 535 534 533 532 531 530 529 528 527 526 525 524 523 522 521 520 519 518 517 516 515 514 513 512 511 510 509 508 507 610 611 612 613 614 615 609 616 608 617 607 618 606 619 605 620 604 621 603 622 602 623 601 624 600 625 599 626 598 627 597 628 596 629 595 630 594 631 593 632 592 633 591 634 590 635 589 636 588 637 587 638 586 639 585 640 584 641 583 642 582 643 581 644 580 645 579 646 578 647 577 648 576 649 575 650 574 651 573 652 572 653 571 654 570 655 569 656 568 567 657 658 659 660 661 662 663 664 665 666 667 668 669 670 745 671 744 672 743 673 742 674 741 675 740 676 739 677 738 678 737 679 736 680 735 681 734 682 733 683 732 684 731 685 730 686 729 687 728 688 727 689 726 690 725 691 724 692 723 693 722 694 721 695 720 696 719 697 718 698 717 699 716 700 715 701 714 702 713 703 712 704 711 710 709 708 707 706 705 312 313 314 315 316 317 318 319 320 321 322 323 324 325 326 327 328 329 330 331 332 333 334 335 336 337 338 339 340 341 342 343 344 345 346 347 348 349 350 351 352 353 354 355 356 357 358 359 360 361 362 363 364 365 366 367 368 369 370 371 372 373 374 375 376 377 378 379 380 381 382 383 384 311 310 309 308 307 306 305 304 303 302 301 300 299 298 297 296 295 294 293 292 291 290 289 288 287 286 285 284 283 282 281 280 279 278 277 276 275 274 273 272 271 270 269 268 267 266 265 264 263 262 261 260 259 258 257 256 255 254 253 252 251 250 249 248 247 246 245 244 243 242 241 240 239 238 237 236 235 234 233 232 231 230 229 228 227 226 225 224 223 222 221 220 219 218 217 216 215 214 213 212 211 210 209 208 207 206 205 204 203 153 202 154 201 155 200 156 199 157 198 197 196 195 194 193 192 191 190 189 188 187 186 185 184 183 182 181 180 179 178 177 176 175 174 173 172 171 170 169 168 167 166 165 164 163 151 152 142 141 140 139 138 137 136 1342 1334 1335 1341 1340 1339 1338 1337 1254 1253 1255 1252 1251 1250 1336 1256 1249 1257 1248 1258 1343 1344 1259 1247 1246 1260 1345 1333 1346 1332 1245 1244 1347 1348 1349 1331 1261 1262 1330 1350 1351 1329 1243 1242 1352 1263 1241 1264 1328 1353 1354 1327 1355 1356 1326 1265 1240 1239 1266 1238 1267 1325 1357 1324 1358 1323 1359 1322 1269 1268 1237 1236 1235 1270 1234 1271 1321 1360 1361 1320 1362 1319 1272 1233 1232 1273 1363 1318 1274 1231 1230 1317 1364 31 30 29 32 28 33 27 34 69 86 87 68 67 88 89 66 65 90 64 63 

########## KROA100.TSP ##########

java Main ../AI_cup_2016_problems/kroa100.tsp 1478816606002

1 63 6 49 90 19 75 92 8 42 89 31 80 56 97 4 65 66 26 70 94 22 16 88 53 79 18 24 38 99 36 84 10 72 21 74 59 17 15 11 32 45 91 98 23 77 60 62 35 86 27 12 20 57 9 7 55 83 34 29 46 43 3 14 41 71 100 48 30 39 96 78 52 5 37 33 76 13 95 82 85 68 73 50 44 2 54 40 64 69 81 25 87 51 61 58 67 28 93 47 

########## LIN318.TSP ##########

java Main ../AI_cup_2016_problems/lin318.tsp 1478853451950

89 99 98 93 102 101 97 96 92 91 85 84 83 82 78 71 68 67 64 72 77 79 86 80 76 73 81 75 74 69 70 63 62 105 59 56 55 50 48 45 49 317 316 40 104 44 47 51 54 57 58 53 52 46 43 41 42 37 36 26 25 18 17 16 27 24 19 12 20 23 28 33 32 31 30 29 22 21 103 15 11 10 7 6 2 1 3 8 9 14 13 116 115 112 111 5 4 107 106 108 113 114 119 118 221 220 217 216 110 109 212 211 213 218 219 215 214 223 224 244 245 248 249 318 270 271 275 276 297 298 304 305 310 309 308 300 299 303 301 302 306 307 311 312 205 200 199 193 192 295 293 292 288 294 296 289 287 282 283 286 290 291 285 284 279 280 273 272 274 277 278 281 170 171 166 165 269 315 266 265 260 258 255 259 250 314 254 257 261 264 267 268 263 262 256 253 251 252 247 246 236 235 228 227 226 229 234 237 243 238 233 230 222 225 313 231 232 239 240 241 242 139 140 143 144 147 146 148 151 157 158 163 162 159 156 152 149 209 141 142 131 130 123 122 121 124 129 132 138 133 128 125 117 120 208 126 127 134 135 136 137 34 35 39 38 145 154 150 153 155 160 161 210 164 60 61 66 65 172 173 176 183 187 188 190 189 184 182 177 169 167 168 175 174 179 180 186 178 181 185 191 194 195 204 203 198 201 202 206 207 100 95 94 197 196 87 88 90 

########## PCB442.TSP ##########

java Main ../AI_cup_2016_problems/pcb442.tsp 1478844905048

351 350 349 433 348 347 346 342 341 428 282 281 279 276 273 269 266 238 239 234 227 405 400 185 172 161 149 136 126 114 103 102 441 104 115 386 127 387 389 137 150 151 152 116 138 392 175 187 399 396 174 162 173 186 401 406 228 235 240 267 270 271 274 277 426 440 280 283 308 309 339 310 284 311 285 286 312 340 313 287 424 421 425 415 250 249 248 247 246 245 244 243 242 241 407 403 211 212 221 229 230 222 213 200 188 176 163 393 153 140 139 128 117 105 106 99 77 76 75 74 73 72 71 70 69 37 36 68 35 67 66 34 442 1 2 3 4 5 38 39 6 7 40 41 8 9 42 43 10 11 44 45 12 13 14 15 47 46 78 79 80 48 49 16 17 18 19 20 53 52 84 85 381 382 86 87 378 88 56 55 54 21 22 23 24 25 26 27 28 29 30 31 32 376 377 33 65 64 63 62 61 60 59 58 57 89 90 91 92 93 101 111 123 133 146 158 169 182 197 196 195 194 181 168 157 145 144 391 132 122 110 121 385 109 120 388 131 143 156 167 180 192 193 204 216 225 233 408 409 412 413 404 217 205 206 207 208 218 219 209 198 183 170 159 147 134 124 112 436 94 95 379 96 380 97 98 384 383 113 125 135 148 160 171 184 199 210 220 226 411 410 414 237 265 437 275 423 438 272 420 268 416 264 236 263 262 261 422 419 260 259 258 257 256 255 254 232 224 215 203 190 191 398 178 179 395 394 166 155 142 390 130 119 108 439 83 51 50 82 81 100 107 118 129 141 154 165 164 397 177 189 201 202 402 214 223 231 251 252 253 418 417 278 296 295 294 293 292 291 290 289 288 314 315 316 317 318 319 320 321 322 430 429 324 323 297 298 299 300 325 326 301 302 327 431 328 303 304 329 330 305 306 331 332 333 334 307 335 336 427 337 338 375 374 373 372 371 432 370 369 368 345 367 366 365 364 363 362 344 361 360 359 435 358 357 356 434 355 354 353 343 352 

########## PR439.TSP ##########

java Main ../AI_cup_2016_problems/pr439.tsp 1478856219833

1 3 2 52 83 84 85 149 186 226 227 283 228 229 282 281 230 187 188 189 225 231 232 280 285 286 287 340 288 289 290 291 292 293 359 358 356 357 355 354 352 353 351 350 349 347 345 346 348 377 376 380 379 389 390 374 375 381 391 392 399 396 397 398 393 395 394 384 382 383 372 371 373 341 342 343 344 284 439 435 436 437 438 434 403 408 409 411 410 425 426 424 427 430 433 432 422 423 412 413 407 406 414 421 420 419 415 416 431 429 428 418 417 405 404 402 400 401 388 387 386 385 378 369 368 367 366 365 364 363 362 361 360 370 339 338 337 336 335 334 333 300 299 298 297 296 295 294 279 278 277 276 275 274 273 301 272 271 270 269 268 267 266 265 264 263 262 261 260 259 258 257 256 316 315 314 313 312 311 310 309 308 307 306 305 304 302 303 330 332 331 329 328 327 326 325 324 323 322 321 320 319 318 317 254 255 252 253 251 209 208 207 206 205 203 202 201 200 199 198 197 196 195 194 193 221 220 219 218 217 216 215 214 213 212 211 210 250 249 248 247 246 245 244 243 242 241 240 239 238 237 236 235 234 233 222 223 224 190 191 184 192 183 182 181 180 179 178 177 176 175 204 174 173 172 171 170 168 169 166 164 165 167 133 132 131 130 128 129 127 126 124 123 125 99 98 97 96 95 100 94 93 92 102 103 115 117 120 101 122 121 119 118 116 114 113 143 152 142 141 140 139 138 137 136 135 134 163 162 161 160 159 158 157 156 155 154 153 151 150 185 145 148 147 144 146 112 111 110 109 108 107 106 105 104 91 90 89 88 72 71 70 69 68 18 19 20 67 66 65 24 22 21 23 25 64 74 73 63 29 27 26 28 30 31 32 62 75 76 61 60 59 77 87 86 78 58 57 79 80 81 82 56 55 54 53 51 50 48 47 49 46 45 44 42 43 41 40 39 38 37 36 35 34 33 17 16 15 14 13 12 11 10 9 8 7 6 5 4 

########## RAT783.TSP ##########

java Main ../AI_cup_2016_problems/rat783.tsp 1478924883421

1 15 25 37 45 57 52 49 56 88 97 110 115 123 117 125 146 139 147 155 160 175 195 196 184 187 204 202 208 224 243 222 227 231 230 248 249 274 273 278 276 277 255 246 239 236 216 205 186 180 172 185 215 235 242 266 270 289 305 313 302 294 317 335 327 319 323 325 332 316 307 300 290 293 306 291 299 286 267 256 268 258 259 240 232 217 206 190 200 198 179 176 163 169 157 164 165 173 182 209 211 212 219 225 233 250 269 281 292 303 295 311 312 318 326 336 330 322 321 333 345 347 350 376 365 353 346 339 371 366 358 344 328 356 359 343 352 363 384 395 423 429 436 445 452 453 458 466 485 484 482 472 499 511 526 533 548 560 568 576 596 624 640 638 626 611 594 586 580 597 598 590 599 588 607 621 628 617 619 613 612 627 634 641 644 660 655 645 648 652 659 665 672 683 697 704 725 738 734 747 769 778 761 772 765 760 745 736 735 718 705 709 688 678 671 679 685 680 675 691 692 681 657 649 661 684 669 666 651 646 653 654 662 650 642 632 629 615 604 593 606 616 637 647 670 676 674 668 667 664 673 693 701 700 689 710 686 695 699 721 726 740 748 755 754 737 733 719 720 707 713 698 690 706 722 732 743 739 758 776 759 757 768 779 777 773 774 766 762 749 750 727 730 731 723 716 708 702 694 696 703 715 728 751 764 756 752 742 724 741 746 763 770 780 781 782 783 775 771 767 753 744 729 712 711 714 717 687 682 677 658 656 663 643 635 625 623 620 602 585 583 608 595 592 582 567 574 549 546 538 550 555 523 516 504 503 510 545 532 544 537 528 525 509 502 498 478 468 454 451 471 481 479 490 462 461 444 442 428 421 427 447 440 450 465 475 488 493 520 514 524 522 527 543 575 571 572 553 559 573 581 589 610 618 639 631 605 614 633 630 636 622 609 603 587 591 584 600 601 577 570 565 558 542 541 556 564 563 566 578 552 557 547 540 531 539 561 569 579 562 554 551 534 530 506 517 512 508 492 486 463 455 438 443 425 407 401 390 387 382 397 389 392 405 422 433 426 430 424 420 408 409 410 393 377 370 372 391 411 419 417 418 434 437 448 441 435 431 439 457 456 449 460 473 495 518 519 513 515 529 535 536 521 505 507 501 500 491 483 477 467 469 470 464 476 494 496 497 487 489 480 474 459 446 432 416 402 400 414 415 403 412 398 388 385 368 373 383 364 381 386 380 375 360 354 351 348 340 338 337 349 361 362 378 379 369 374 396 399 413 406 404 394 367 357 355 341 329 315 314 304 297 296 298 309 324 331 342 334 320 308 310 288 283 282 301 287 275 257 262 253 251 237 226 221 213 210 201 197 188 183 159 154 167 189 191 203 220 228 229 244 260 263 271 272 284 279 261 252 241 245 247 264 265 280 285 254 234 238 218 214 223 207 192 178 158 166 174 168 170 177 181 194 199 193 171 149 135 134 114 109 106 101 79 84 87 75 66 43 38 40 6 13 11 4 34 28 24 27 26 21 16 32 14 22 35 31 36 20 8 30 19 5 3 10 9 12 33 29 39 63 48 64 71 85 99 86 82 68 61 59 50 62 54 42 51 72 92 103 93 90 78 69 44 55 60 73 96 91 104 113 119 122 142 148 145 131 132 141 130 129 144 150 124 121 126 118 138 128 140 116 112 108 105 102 77 74 89 95 98 76 83 94 107 111 120 133 137 143 152 161 162 156 151 136 153 127 100 80 70 67 81 65 58 53 47 46 41 18 7 2 23 17 

########## U1060.TSP ##########

java Main ../AI_cup_2016_problems/u1060.tsp 1478938293222

1 4 1060 1059 1058 1057 1056 1055 1052 1051 1054 1053 10 11 31 30 12 29 28 27 32 1050 1043 1044 1042 1049 1048 1047 1046 1045 1041 1040 1039 37 1034 1035 1036 1038 1037 1031 1032 1033 57 56 58 59 55 61 60 62 63 66 65 64 1029 1030 1028 1019 1018 1017 1016 1015 1013 1014 1001 1012 1011 1020 1021 1027 1026 1025 1024 1023 1006 1005 1004 1003 1008 1007 1022 1010 1009 1002 1000 999 998 997 996 995 994 989 988 987 985 983 981 978 982 974 973 971 972 970 975 976 977 979 980 984 986 990 991 992 993 67 68 69 70 71 72 73 74 75 76 77 81 82 79 78 80 958 959 957 960 961 962 963 965 949 964 950 956 955 951 954 952 953 928 930 931 929 932 933 934 947 946 945 948 966 969 968 967 943 944 942 941 940 936 935 938 937 939 838 836 834 833 827 828 829 830 832 831 825 826 824 823 822 835 837 819 820 821 818 817 815 814 812 811 810 809 808 806 807 813 334 332 331 333 335 336 337 338 341 340 339 328 329 330 325 324 323 322 321 326 327 351 350 352 354 353 363 364 365 370 372 373 371 296 297 298 299 300 302 320 305 319 318 306 816 317 316 307 308 315 314 313 309 304 303 301 295 294 293 292 291 290 289 288 287 312 310 311 286 285 284 283 282 281 374 375 376 377 378 379 380 381 382 383 384 385 386 387 388 406 405 404 407 408 409 410 411 412 421 422 420 413 415 414 419 416 417 418 427 426 425 424 423 464 463 462 461 460 555 554 465 467 468 469 471 470 466 473 474 472 475 476 477 478 480 481 479 526 527 528 529 530 531 533 532 525 524 523 522 521 517 515 516 520 519 482 483 496 497 503 518 504 514 505 512 513 506 511 510 509 508 507 499 500 501 502 498 495 494 493 491 492 484 485 486 487 488 489 490 368 369 367 366 359 360 361 362 358 357 356 355 349 345 348 346 347 344 342 343 805 804 803 802 801 800 799 798 797 796 795 794 793 792 791 790 789 786 785 787 788 783 782 784 781 780 779 775 774 773 772 771 776 778 777 770 769 768 767 766 765 764 763 762 761 760 759 758 757 755 754 756 753 752 751 750 535 534 539 536 537 538 749 748 747 746 745 744 743 742 741 740 739 733 732 731 730 734 735 736 578 577 576 575 737 738 545 546 548 547 544 543 542 541 540 549 550 551 552 553 565 564 563 562 557 556 561 560 558 559 456 457 459 458 450 449 447 448 442 441 443 444 445 600 599 446 451 452 598 597 596 594 595 593 592 453 454 455 571 569 570 567 566 568 572 573 574 579 580 581 729 728 727 726 725 724 723 700 699 701 698 582 583 584 585 586 587 588 589 590 591 697 696 695 694 693 692 691 704 705 703 702 706 707 708 722 721 720 709 710 711 712 713 714 715 719 718 717 716 678 679 677 676 680 681 682 690 689 688 687 686 685 684 683 671 675 674 672 673 633 634 635 669 643 642 662 663 664 668 670 667 666 665 658 657 656 655 659 654 660 661 649 653 652 650 651 648 647 646 645 644 641 640 639 638 637 636 630 631 632 629 627 628 626 625 623 622 621 620 624 618 617 614 616 615 612 613 619 611 610 608 609 607 606 604 605 603 602 601 440 439 438 437 436 434 435 433 432 431 430 429 428 402 401 403 400 399 398 397 396 395 394 393 392 391 274 275 276 389 390 280 279 278 277 269 273 270 271 272 268 267 196 197 198 200 199 195 194 193 192 191 190 189 188 187 185 186 184 183 182 181 180 179 178 177 176 175 174 173 172 171 170 169 168 167 164 163 162 161 159 160 166 165 156 158 157 155 154 153 152 151 150 149 148 147 146 145 144 143 142 141 140 139 138 137 127 126 125 124 129 128 130 131 134 135 136 133 132 114 888 112 113 115 116 120 121 118 119 117 111 109 110 889 883 884 886 887 885 876 875 877 879 878 874 873 870 868 867 215 216 214 213 212 211 210 206 205 204 203 202 201 207 208 209 217 218 219 221 223 222 220 859 860 858 857 855 856 225 226 227 854 853 229 228 230 231 237 238 239 236 235 234 232 233 224 260 261 259 262 263 258 257 256 265 264 266 254 255 253 252 250 251 249 248 247 240 246 245 244 242 241 243 840 839 841 842 843 844 845 846 852 847 848 849 850 851 923 924 925 926 927 899 898 897 896 894 895 901 900 902 903 904 906 905 907 908 912 913 914 915 916 917 918 919 920 922 921 861 862 863 864 865 866 911 910 909 869 871 872 880 881 882 893 891 890 892 95 96 97 108 98 99 94 93 90 91 92 89 83 88 87 86 85 47 48 46 49 50 45 44 43 51 52 53 54 39 38 40 42 41 35 36 34 33 24 25 26 21 22 23 84 100 101 102 103 104 107 106 105 18 19 17 20 13 14 16 15 123 122 9 8 7 6 5 2 3
